254 254 254 254 254 254 254 254 254 254 254 254 254 254 254 254
254 254 254 254 254 254 254 254 254 254 254 254 254 254 254 254
254 254 254 254 239 202 202 236 236 202 202 239 254 254 254 254
254 254 254 245 166  56  56 156 157  56  56 164 243 254 254 254
254 254 239 166 120 227 203 131 130 254 254 122 161 239 254 254
254 254 202  56 227 134 137 254 254 254 254 254  68 202 254 254
254 254 202  56 203 137 254 254 254 254 254 254  68 202 254 254
254 254 236 156 131 254 254 254 254 254 254 133 152 236 254 254
254 254 254 208  69 254 254 254 254 254 254  71 196 254 254 254
254 254 254 239 147 143 254 254 254 254 147 147 235 254 254 254
254 254 254 254 225 132 143 254 254 147 131 224 254 254 254 254
254 254 254 254 254 226 150 192 193 147 224 254 254 254 254 254
254 254 254 254 254 254 237 111 110 235 254 254 254 254 254 254
254 254 254 254 254 254 254 219 219 254 254 254 254 254 254 254
254 254 254 254 254 254 254 254 254 254 254 254 254 254 254 254
254 254 254 254 254 254 254 254 254 254 254 254 254 254 254 254
254 254 254 254 254 254 254 254 254 254 254 254 254 254 254 254
254 254 254 254 254 254 254 254 254 254 254 254 254 254 254 254
254 254 254 254 239 202 202 236 236 202 202 239 254 254 254 254
254 254 254 245 166  56  56 156 157  56  56 164 243 254 254 254
254 254 239 166 120 227 203 131 130 254 254 122 161 239 254 254
254 254 202  56 227 134 137 254 254 254 254 254  68 202 254 254
254 254 202  56 203 137 254 254 254 254 254 254  68 202 254 254
254 254 236 156 131 254 254 254 254 254 254 133 152 236 254 254
254 254 254 208  69 254 254 254 254 254 254  71 196 254 254 254
254 254 254 239 147 143 254 254 254 254 147 147 235 254 254 254
254 254 254 254 225 132 143 254 254 147 131 224 254 254 254 254
254 254 254 254 254 226 150 192 193 147 224 254 254 254 254 254
254 254 254 254 254 254 237 111 110 235 254 254 254 254 254 254
254 254 254 254 254 254 254 219 219 254 254 254 254 254 254 254
254 254 254 254 254 254 254 254 254 254 254 254 254 254 254 254
254 254 254 254 254 254 254 254 254 254 254 254 254 254 254 254
254 254 254 254 254 254 254 254 254 254 254 254 254 254 254 254
254 254 254 254 254 254 254 254 254 254 254 254 254 254 254 254
254 254 254 254 239 202 202 236 236 202 202 239 254 254 254 254
254 254 254 245 166  56  56 156 157  56  56 164 243 254 254 254
254 254 239 166 120 227 203 131 130 254 254 122 161 239 254 254
254 254 202  56 227 134 137 254 254 254 254 254  68 202 254 254
254 254 202  56 203 137 254 254 254 254 254 254  68 202 254 254
254 254 236 156 131 254 254 254 254 254 254 133 152 236 254 254
254 254 254 208  69 254 254 254 254 254 254  71 196 254 254 254
254 254 254 239 147 143 254 254 254 254 147 147 235 254 254 254
254 254 254 254 225 132 143 254 254 147 131 224 254 254 254 254
254 254 254 254 254 226 150 192 193 147 224 254 254 254 254 254
254 254 254 254 254 254 237 111 110 235 254 254 254 254 254 254
254 254 254 254 254 254 254 219 219 254 254 254 254 254 254 254
254 254 254 254 254 254 254 254 254 254 254 254 254 254 254 254
254 254 254 254 254 254 254 254 254 254 254 254 254 254 254 254

254 254 254 254 254 254 254 254 254 254 254 254 254 254 254 254
254 254 254 254 254 254 254 254 254 254 254 254 254 254 254 254
254 254 254 254 240 202 202 236 254 254 254 254 254 254 254 254
254 254 254 243 161  68  68 153 196 236 254 254 254 254 254 254
254 254 239 165 122 254 254 133  72 147 225 254 254 254 254 254
254 254 202  57 254 254 254 254 254 148 131 225 254 254 254 254
254 254 202  57 254 254 254 254 254 254 148 147 236 254 254 254
254 254 237 158 131 254 254 254 254 254 254 193 110 219 254 254
254 254 236 157 131 254 254 254 254 254 254 192 111 220 254 254
254 254 202  57 203 138 254 254 254 254 143 150 237 254 254 254
254 254 202  57 228 134 138 254 254 143 133 226 254 254 254 254
254 254 240 166 121 228 203 131  70 148 226 254 254 254 254 254
254 254 254 246 166  57  57 157 208 240 254 254 254 254 254 254
254 254 254 254 240 202 202 236 254 254 254 254 254 254 254 254
254 254 254 254 254 254 254 254 254 254 254 254 254 254 254 254
254 254 254 254 254 254 254 254 254 254 254 254 254 254 254 254
254 254 254 254 254 254 254 254 254 254 254 254 254 254 254 254
254 254 254 254 254 254 254 254 254 254 254 254 254 254 254 254
254 254 254 254 240 202 202 236 254 254 254 254 254 254 254 254
254 254 254 243 161  68  68 153 196 236 254 254 254 254 254 254
254 254 239 165 122 254 254 133  72 147 225 254 254 254 254 254
254 254 202  57 254 254 254 254 254 148 131 225 254 254 254 254
254 254 202  57 254 254 254 254 254 254 148 147 236 254 254 254
254 254 237 158 131 254 254 254 254 254 254 193 111 219 254 254
254 254 236 157 131 254 254 254 254 254 254 192 111 220 254 254
254 254 202  57 203 138 254 254 254 254 143 150 238 254 254 254
254 254 202  57 228 134 138 254 254 143 133 226 254 254 254 254
254 254 240 166 121 228 203 131  70 148 226 254 254 254 254 254
254 254 254 246 166  57  57 157 208 240 254 254 254 254 254 254
254 254 254 254 240 202 202 236 254 254 254 254 254 254 254 254
254 254 254 254 254 254 254 254 254 254 254 254 254 254 254 254
254 254 254 254 254 254 254 254 254 254 254 254 254 254 254 254
254 254 254 254 254 254 254 254 254 254 254 254 254 254 254 254
254 254 254 254 254 254 254 254 254 254 254 254 254 254 254 254
254 254 254 254 240 202 202 236 254 254 254 254 254 254 254 254
254 254 254 243 161  68  68 153 196 236 254 254 254 254 254 254
254 254 239 165 122 254 254 133  72 147 225 254 254 254 254 254
254 254 202  57 254 254 254 254 254 148 131 225 254 254 254 254
254 254 202  57 254 254 254 254 254 254 148 147 236 254 254 254
254 254 237 158 131 254 254 254 254 254 254 193 110 219 254 254
254 254 236 157 131 254 254 254 254 254 254 192 111 220 254 254
254 254 202  57 203 138 254 254 254 254 143 150 237 254 254 254
254 254 202  57 228 134 138 254 254 143 133 226 254 254 254 254
254 254 240 166 121 228 203 131  70 148 226 254 254 254 254 254
254 254 254 246 166  57  57 157 208 240 254 254 254 254 254 254
254 254 254 254 240 202 202 236 254 254 254 254 254 254 254 254
254 254 254 254 254 254 254 254 254 254 254 254 254 254 254 254
254 254 254 254 254 254 254 254 254 254 254 254 254 254 254 254

254 254 254 254 254 254 254 254 254 254 254 254 254 254 254 254
254 254 254 254 254 254 254 254 254 254 254 254 254 254 254 254
254 254 254 254 254 254 254 219 220 254 254 254 254 254 254 254
254 254 254 254 254 254 236 110 111 237 254 254 254 254 254 254
254 254 254 254 254 225 147 193 192 150 226 254 254 254 254 254
254 254 254 254 225 131 148 254 254 143 133 226 254 254 254 254
254 254 254 236 147 148 254 254 254 254 143 148 240 254 254 254
254 254 254 196  72 254 254 254 254 254 254  70 208 254 254 254
254 254 236 153 133 254 254 254 254 254 254 131 157 236 254 254
254 254 202  68 254 254 254 254 254 254 138 203  57 202 254 254
254 254 202  68 254 254 254 254 254 138 134 228  57 202 254 254
254 254 240 161 122 254 254 131 131 203 228 121 166 240 254 254
254 254 254 243 165  57  57 158 157  57  57 166 246 254 254 254
254 254 254 254 239 202 202 237 236 202 202 240 254 254 254 254
254 254 254 254 254 254 254 254 254 254 254 254 254 254 254 254
254 254 254 254 254 254 254 254 254 254 254 254 254 254 254 254
254 254 254 254 254 254 254 254 254 254 254 254 254 254 254 254
254 254 254 254 254 254 254 254 254 254 254 254 254 254 254 254
254 254 254 254 254 254 254 219 220 254 254 254 254 254 254 254
254 254 254 254 254 254 236 111 111 238 254 254 254 254 254 254
254 254 254 254 254 225 147 193 192 150 226 254 254 254 254 254
254 254 254 254 225 131 148 254 254 143 133 226 254 254 254 254
254 254 254 236 147 148 254 254 254 254 143 148 240 254 254 254
254 254 254 196  72 254 254 254 254 254 254  70 208 254 254 254
254 254 236 153 133 254 254 254 254 254 254 131 157 236 254 254
254 254 202  68 254 254 254 254 254 254 138 203  57 202 254 254
254 254 202  68 254 254 254 254 254 138 134 228  57 202 254 254
254 254 240 161 122 254 254 131 131 203 228 121 166 240 254 254
254 254 254 243 165  57  57 158 157  57  57 166 246 254 254 254
254 254 254 254 239 202 202 237 236 202 202 240 254 254 254 254
254 254 254 254 254 254 254 254 254 254 254 254 254 254 254 254
254 254 254 254 254 254 254 254 254 254 254 254 254 254 254 254
254 254 254 254 254 254 254 254 254 254 254 254 254 254 254 254
254 254 254 254 254 254 254 254 254 254 254 254 254 254 254 254
254 254 254 254 254 254 254 219 220 254 254 254 254 254 254 254
254 254 254 254 254 254 236 110 111 237 254 254 254 254 254 254
254 254 254 254 254 225 147 193 192 150 226 254 254 254 254 254
254 254 254 254 225 131 148 254 254 143 133 226 254 254 254 254
254 254 254 236 147 148 254 254 254 254 143 148 240 254 254 254
254 254 254 196  72 254 254 254 254 254 254  70 208 254 254 254
254 254 236 153 133 254 254 254 254 254 254 131 157 236 254 254
254 254 202  68 254 254 254 254 254 254 138 203  57 202 254 254
254 254 202  68 254 254 254 254 254 138 134 228  57 202 254 254
254 254 240 161 122 254 254 131 131 203 228 121 166 240 254 254
254 254 254 243 165  57  57 158 157  57  57 166 246 254 254 254
254 254 254 254 239 202 202 237 236 202 202 240 254 254 254 254
254 254 254 254 254 254 254 254 254 254 254 254 254 254 254 254
254 254 254 254 254 254 254 254 254 254 254 254 254 254 254 254

254 254 254 254 254 254 254 254 254 254 254 254 254 254 254 254
254 254 254 254 254 254 254 254 254 254 254 254 254 254 254 254
254 254 254 254 254 254 254 254 236 202 202 240 254 254 254 254
254 254 254 254 254 254 240 208 157  57  57 166 246 254 254 254
254 254 254 254 254 226 148  70 131 203 228 121 166 240 254 254
254 254 254 254 226 133 143 254 254 138 134 228  57 202 254 254
254 254 254 237 150 143 254 254 254 254 138 203  57 202 254 254
254 254 220 111 192 254 254 254 254 254 254 131 157 236 254 254
254 254 219 110 193 254 254 254 254 254 254 131 158 237 254 254
254 254 254 236 147 148 254 254 254 254 254 254  57 202 254 254
254 254 254 254 225 131 148 254 254 254 254 254  57 202 254 254
254 254 254 254 254 225 147  72 133 254 254 122 165 239 254 254
254 254 254 254 254 254 236 196 153  68  68 161 243 254 254 254
254 254 254 254 254 254 254 254 236 202 202 240 254 254 254 254
254 254 254 254 254 254 254 254 254 254 254 254 254 254 254 254
254 254 254 254 254 254 254 254 254 254 254 254 254 254 254 254
254 254 254 254 254 254 254 254 254 254 254 254 254 254 254 254
254 254 254 254 254 254 254 254 254 254 254 254 254 254 254 254
254 254 254 254 254 254 254 254 236 202 202 240 254 254 254 254
254 254 254 254 254 254 240 208 157  57  57 166 246 254 254 254
254 254 254 254 254 226 148  70 131 203 228 121 166 240 254 254
254 254 254 254 226 133 143 254 254 138 134 228  57 202 254 254
254 254 254 238 150 143 254 254 254 254 138 203  57 202 254 254
254 254 220 111 192 254 254 254 254 254 254 131 157 236 254 254
254 254 219 111 193 254 254 254 254 254 254 131 158 237 254 254
254 254 254 236 147 148 254 254 254 254 254 254  57 202 254 254
254 254 254 254 225 131 148 254 254 254 254 254  57 202 254 254
254 254 254 254 254 225 147  72 133 254 254 122 165 239 254 254
254 254 254 254 254 254 236 196 153  68  68 161 243 254 254 254
254 254 254 254 254 254 254 254 236 202 202 240 254 254 254 254
254 254 254 254 254 254 254 254 254 254 254 254 254 254 254 254
254 254 254 254 254 254 254 254 254 254 254 254 254 254 254 254
254 254 254 254 254 254 254 254 254 254 254 254 254 254 254 254
254 254 254 254 254 254 254 254 254 254 254 254 254 254 254 254
254 254 254 254 254 254 254 254 236 202 202 240 254 254 254 254
254 254 254 254 254 254 240 208 157  57  57 166 246 254 254 254
254 254 254 254 254 226 148  70 131 203 228 121 166 240 254 254
254 254 254 254 226 133 143 254 254 138 134 228  57 202 254 254
254 254 254 237 150 143 254 254 254 254 138 203  57 202 254 254
254 254 220 111 192 254 254 254 254 254 254 131 157 236 254 254
254 254 219 110 193 254 254 254 254 254 254 131 158 237 254 254
254 254 254 236 147 148 254 254 254 254 254 254  57 202 254 254
254 254 254 254 225 131 148 254 254 254 254 254  57 202 254 254
254 254 254 254 254 225 147  72 133 254 254 122 165 239 254 254
254 254 254 254 254 254 236 196 153  68  68 161 243 254 254 254
254 254 254 254 254 254 254 254 236 202 202 240 254 254 254 254
254 254 254 254 254 254 254 254 254 254 254 254 254 254 254 254
254 254 254 254 254 254 254 254 254 254 254 254 254 254 254 254
